136,5
136,4
136,3
136,2
136,1
136,0
135,4
135,3
135,2
135,1
135,0
134,3
134,2
134,1
134,0
133,3
133,2
133,1
133,0
132,3
132,2
132,1
132,0
131,4
131,3
131,2
131,1
131,0
130,5
130,4
130,3
130,2
130,1
130,0
129,4
129,3
129,2
129,1
129,0
128,3
128,2
128,1
128,0
127,3
127,2
127,1
127,0
126,3
126,2
126,1
126,0
125,4
125,3
125,2
125,1
125,0
124,5
124,4
124,3
124,2
124,1
124,0
123,4
123,3
123,2
123,1
123,0
122,3
122,2
122,1
122,0
121,3
121,2
121,1
121,0
120,3
120,2
120,1
120,0
119,4
119,3
119,2
119,1
119,0
118,5
118,4
118,3
118,2
118,1
118,0
117,4
117,3
117,2
117,1
117,0
116,3
116,2
116,1
116,0
115,3
115,2
115,1
115,0
114,3
114,2
114,1
114,0
113,4
113,3
113,2
113,1
113,0
24,2
0,278
0,9
24,1
24,3
0,273
0,270
10,182
10,288
10,30
10,176
10,286
10,20
10,266
10,276
11,9
11,8
11,12
11,29
9,4
9,6
8,11
8,4
8,6
